$ANSIBLE_VAULT;1.1;AES256
61353063373835653433633433333866313930383337653530616436383438616639633633656532
6335373163666333306266666637613661613662353936360a333137643532333531313930386133
37656437636637663830306532316235343632306237633330363863623536623533363033613136
3265656639356665650a663065323330353038336531336437383562643132636531643538643336
37646265363736653364613330663939303730333166353765633762333332313235636633633732
39663164636564306662656466376535386530626431616264326333313836623232323264633161
63336430633865616436386366376132316165363431616566626237623938643631643434343539
65303535616565376231393661366665663531343861343639303266353034316364303066646133
64626532653963343464356633663064663837363066323930363635333333626265346336616134
39643662666431363161353731363334343130656532306530643931376332666162343737336466
64336135393135326531376534396234373564303965376531623666343236626639386563373537
61636230623065363763613031326362333133396166643232643334636366363039373832613436
34616233336362666635633138656164633837356639306461333263383439393338313633386237
39323935623339303563666139633636636134356666653762616161356139396237393530386333
32343732323461656336303466653262663562663866663564373633353534656138663539343133
62626631666131333666373335616232373838656234613433643265336131656338636662376233
63396536303332376636393962323337663233653035366434363464353638353134303533323135
34393733363539393533373264666132326462643130356663383330626138393565373462393431
66353339323864383231303266323538393637383839376330383666643632323438343336643535
30383335656563386630323337383230316436653935626561353464626662303434656330366331
65636237646263346230626636363630663438653264363531386233383861616439353333653566
32363762346632353362653762303565646338623064643738623462366461373232363836666636
39343336386664393633383235356239636230656163666131343165636233333962383964646230
66303934636362306366653731626131313036616466306463666234386338353365353366323738
36613164336630626331313936653235653465653537613561353531636661313363316336316564
32653133313531626131326165303564313763383636373138653739623661313639653565366436
33316266656538623161663837643662626564633866353062613264396638363864303134336633
64333262653431393839303466363939333735386533303532623536636663643932306466353364
34326431613431313262323933353038663661653431323962343335363965613261346330316664
6130353639613262353930313264356461613661383836393333
